Run: 1
29260
25 27 24 16 9 7 3 4 5 1 2 6 11 10 8 12 13 14 17 18 15 19 22 23 21 29 28 26 20 25
Run: 2
28191
4 5 1 2 6 10 11 15 19 18 22 23 21 29 28 26 25 27 24 16 20 17 14 13 12 8 9 7 3 4
Run: 3
28472
3 7 9 8 12 13 14 17 16 24 27 25 20 26 28 29 21 23 22 18 19 15 11 10 6 2 1 5 4 3
Run: 4
28463
17 18 19 15 11 10 6 2 1 5 4 3 7 9 8 12 13 14 20 16 24 27 25 26 28 29 23 22 21 17
Run: 5
29499
6 2 1 5 4 3 7 9 14 17 16 24 27 25 20 26 28 29 21 23 22 18 19 15 13 12 8 10 11 6
Run: 6
28779
22 23 21 29 28 26 20 25 27 24 16 9 7 3 4 8 5 1 2 6 10 11 12 13 14 17 18 15 19 22
Run: 7
28503
24 27 25 26 28 29 23 22 21 17 18 19 15 12 8 10 11 6 2 1 5 4 3 7 9 13 14 20 16 24
Run: 8
28191
4 5 1 2 6 10 11 15 19 18 22 23 21 29 28 26 25 27 24 16 20 17 14 13 12 8 9 7 3 4

Average: 28669.75
Standard Deviation: 449.450428301053